6
0 29 82 46 68 52 
29 0 55 46 42 43 
82 55 0 68 46 55 
46 46 68 0 82 15 
68 42 46 82 0 74 
52 43 55 15 74 0 
